HORATII METRA. xxxiii

SYLLABUS
Odarum, adjecto metro cui quaeque conveniunt.

Lib. Od. Mettum Lib. Od. Mettum

1. 1 1. 11. 9 17111.
. 2 VI. 10 - 171.

3 11. 11 17111.

4 xn. 12 111.

5 117. 13 17111.

6 111. 14 17111.

7 xm. 15 17111.

8 1711. 16 171.

9 17111. 17 17111.
1ο 171. 18 xvm.
11 17. 19 17111.
12 171. 2ο 17111.
13 11. 111. 1 17111.
14 117. 2 17111.
15 111. 3 17111.
16 17111. 4 vm.
17 17111. 5 17111.
18 v. 6 V111.
19 11. 7 117.
2ο 171. 8 VI.
21 117. 9 11.
22 171. 10 111.
23 117. 11 171.
24 111. 12 X1x.
25 171. 13 117.
26 17111. 14 171.
27 17111. 15 11.
26 xm. 16 111.
29 17111. 17 17111.
30 - 171. 16 VI.
31 V111. 19 11.
32 171. 2ο VI.
33 111. 21 17111.
34 17111. 22 171.
35 vm. 23 17111.
36 11. 24 11.
37 17111. 25 11.
38 VI. 26 vm.

11. 1 17111. 27 171.
> 2 171. 28 11.

3 17111. 29 17111.

4 171. ‚ 30 1.

5 17111. 117. 1 11.

6 VI. 2 171.

7 vm. 3 11.

8 171. 4

VIII.

